image_width: 640
image_height: 480
camera_name: daheng_camera
camera_matrix:
  rows: 3
  cols: 3
  # modified
  # data: [1277.427234, 0.000000, 304.388534, 0.000000, 1277.968223, 225.896302, 0.000000, 0.000000, 1.000000]
  data: [1277.427234, 0.000000, 320.000000, 0.000000, 1277.968223, 240.000000, 0.000000, 0.000000, 1.000000]
distortion_model: plumb_bob
distortion_coefficients:
  rows: 1
  cols: 5
  data: [-0.112692, 0.574067, 0.004974, -0.000916, 0.000000]
rectification_matrix:
  rows: 3
  cols: 3
  data: [1.000000, 0.000000, 0.000000, 0.000000, 1.000000, 0.000000, 0.000000, 0.000000, 1.000000]
projection_matrix:
  rows: 3
  cols: 4
  data: [1270.863525, 0.000000, 303.656855, 0.000000, 0.000000, 1271.481445, 226.033402, 0.000000, 0.000000, 0.000000, 1.000000, 0.000000]
