image_width: 1280
image_height: 1024
camera_name: dahua_camera
camera_matrix:
  rows: 3
  cols: 3
  # data: [1308.650272, 0.000000, 620.902912, 0.000000, 1309.227990, 505.027375, 0.000000, 0.000000, 1.000000]
  data: [1308.650272, 0.000000, 640.000000, 0.000000, 1309.227990, 512.000000, 0.000000, 0.000000, 1.000000]
distortion_model: plumb_bob
distortion_coefficients:
  rows: 1
  cols: 5
  data: [-0.073572, 0.191788, 0.001242, -0.004420, 0.000000]
rectification_matrix:
  rows: 3
  cols: 3
  data: [1.000000, 0.000000, 0.000000, 0.000000, 1.000000, 0.000000, 0.000000, 0.000000, 1.000000]
projection_matrix:
  rows: 3
  cols: 4
  data: [1309.562866, 0.000000, 616.291810, 0.000000, 0.000000, 1312.531250, 505.735164, 0.000000, 0.000000, 0.000000, 1.000000, 0.000000]

# image_width: 1280
# image_height: 1024
# camera_name: dahua_camera
# camera_matrix:
#   rows: 3
#   cols: 3
#   # data: [1341.409854, 0.000000, 648.895301, 0.000000, 1343.913936, 506.133072, 0.000000, 0.000000, 1.000000]
#   data: [1341.409854, 0.000000, 640.000000, 0.000000, 1343.913936, 512.000000, 0.000000, 0.000000, 1.000000]
# distortion_model: plumb_bob
# distortion_coefficients:
#   rows: 1
#   cols: 5
#   data: [-0.088714, 0.233412, -0.001467, -0.001580, 0.000000]
# rectification_matrix:
#   rows: 3
#   cols: 3
#   data: [1.000000, 0.000000, 0.000000, 0.000000, 1.000000, 0.000000, 0.000000, 0.000000, 1.000000]
# projection_matrix:
#   rows: 3
#   cols: 4
#   data: [1340.630859, 0.000000, 646.410524, 0.000000, 0.000000, 1344.308594, 504.517680, 0.000000, 0.000000, 0.000000, 1.000000, 0.000000]